import * as THREE from 'three';
import GeneralLights from './GeneralLights';

import Leap from 'leapjs';
import 'leapjs-plugins';

//const OrbitControls = require("three-orbit-controls")(THREE);

export default canvas => {
    const clock = new THREE.Clock();
    const origin = new THREE.Vector3(0, 0, 0);
    const screenDimensions = {
        width: canvas.width,
        height: canvas.height
    };
    const mousePosition = {
        x: 0,
        y: 0
    };

    const scene = buildScene();
    const renderer = buildRender(screenDimensions);
    const camera = buildCamera(screenDimensions);
    const sceneSubjects = createSceneSubjects(scene);

    const leapController = setupLeap(scene, renderer, camera);
    const leapPlayer = initPlayer(leapController);

    window.leapController = leapController;
    window.leapPlayer = leapPlayer;

    window.saveToFile = () => saveToFile();
    //const orbitControls = buildControls(camera, renderer.domElement);
    window.playFromFile = () => playFromFile();

    createDummyLeapObject();

    function saveToFile(){
        // let dataStr = "data:text/json;charset=utf-8," + encodeURIComponent(JSON.stringify(exportObj));
        // let downloadAnchorNode = document.createElement('a');
        // downloadAnchorNode.setAttribute("href",     dataStr);
        // downloadAnchorNode.setAttribute("download", exportName + ".json");
        // document.body.appendChild(downloadAnchorNode); // required for firefox
        // downloadAnchorNode.click();
        // downloadAnchorNode.remove();

        window.recording = leapPlayer.recording;
    }

    function playFromFile(){
        //let data = require('../../../leapPlayer.json');
        //console.log("DATA", data.frameData[0]);


        //window.leapPlayer.play(data.frameData);

        //window.leapPlayer.setRecording({recording: data});

        /*const dummy = {
            "options":{"timeBetweenLoops":50,"loop":true,"requestProtocolVersion":6,"serviceVersion":"2.3.1+31549"},"loading":false,"timeBetweenLoops":50,"packingStructure":["id","timestamp",{"hands":[["id","type","direction","palmNormal","palmPosition","palmVelocity","stabilizedPalmPosition","pinchStrength","grabStrength","confidence","armBasis","armWidth","elbow","wrist"]]},{"pointables":[["id","direction","handId","length","stabilizedTipPosition","tipPosition","tipVelocity","tool","carpPosition","mcpPosition","pipPosition","dipPosition","btipPosition","bases","type"]]},{"interactionBox":["center","size"]}],"frameData":[{"currentFrameRate":79.5298,"devices":[],"gestures":[],"hands":[{"armBasis":[[-0.86263,0.0933952,-0.497139],[0.0508331,0.993838,0.0985026],[-0.503276,-0.0597001,0.862061]],"armWidth":61.4588,"confidence":0.984389,"direction":[0.414203,0.50799,-0.755236],"elbow":[-228.75,185.79,206.788],"grabStrength":0.753188,"id":620,"palmNormal":[0.152634,-0.856778,-0.492579],"palmPosition":[-68.8816,223.573,-55.9173],"palmVelocity":[97.7094,36.3879,57.4856],"palmWidth":87.7611,"pinchStrength":0,"r":[[-0.078833,-0.957187,-0.278527],[0.917549,0.0395602,-0.395651],[0.389731,-0.286753,0.875147]],"s":1.55714,"sphereCenter":[-79.1821,197.196,-114.46],"sphereRadius":66.8059,"stabilizedPalmPosition":[-69.2532,220.16,-52.2075],"t":[113.027,-104.944,-159.845],"timeVisible":1.73408,"type":"left","wrist":[-97.688,201.337,-17.7086]}],"id":912626,"interactionBox":{"center":[0,200,0],"size":[235.247,235.247,147.751]},"pointables":[{"bases":[[[-0.416765,0.901165,0.119202],[0.492229,0.113484,0.863037],[-0.764211,-0.418358,0.490876]],[[-0.0124674,0.992283,-0.123369],[0.573761,0.108145,0.811852],[-0.818928,0.0606624,0.570681]],[[-0.0124674,0.992283,-0.123369],[0.765863,0.0887999,0.636842],[-0.642882,0.0865437,0.76106]],[[-0.0124674,0.992283,-0.123369],[0.834026,0.0783782,0.546129],[-0.551584,0.0960838,0.828567]]],"btipPosition":[0.228194,180.36,-79.6645],"carpPosition":[-72.7927,188.296,-8.45709],"dipPosition":[-12.2228,182.529,-60.9612],"direction":[0.642882,-0.0865437,-0.76106],"extended":true,"handId":620,"id":6200,"length":50.267,"mcpPosition":[-72.7927,188.296,-8.45709],"pipPosition":[-33.3644,185.375,-35.9332],"stabilizedTipPosition":[-2.46647,181.118,-75.2723],"timeVisible":1.73408,"tipPosition":[-1.22456,180.918,-73.7733],"tipVelocity":[-164.886,-321.889,-81.9174],"tool":false,"touchDistance":0.303663,"touchZone":"hovering","type":0,"width":19.5314},{"bases":[[[-0.815011,0.172786,-0.553084],[-0.0680257,0.919374,0.387458],[-0.575438,-0.353407,0.737546]],[[-0.870482,0.135061,-0.473307],[-0.0628338,0.923254,0.379017],[-0.488173,-0.359667,0.79519]],[[-0.870482,0.135061,-0.473307],[0.349061,0.847359,-0.400175],[-0.347013,0.513558,0.784755]],[[-0.870482,0.135061,-0.473307],[0.491554,0.287811,-0.821912],[-0.025215,0.948116,0.316924]]],"btipPosition":[-8.80995,222.772,-119.13],"carpPosition":[-78.3766,210.387,-10.3257],"dipPosition":[-9.22547,238.396,-113.907],"direction":[0.347013,-0.513558,-0.784755],"extended":false,"handId":620,"id":6201,"length":56.7207,"mcpPosition":[-37.5441,235.465,-62.6612],"pipPosition":[-17.3153,250.368,-95.6122],"stabilizedTipPosition":[-16.4442,228.362,-124.324],"timeVisible":1.73408,"tipPosition":[-8.15471,225.372,-118.262],"tipVelocity":[145.877,-52.7817,114.556],"tool":false,"touchDistance":-0.0168988,"touchZone":"touching","type":1,"width":18.6564},{"bases":[[[-0.861644,-0.0358286,-0.506247],[-0.217451,0.927368,0.304473],[-0.458569,-0.372431,0.806852]],[[-0.92799,-0.0997265,-0.359011],[-0.214264,0.931101,0.295199],[-0.304836,-0.350865,0.88542]],[[-0.92799,-0.0997265,-0.359011],[0.1053,0.854049,-0.509424],[-0.357416,0.510544,0.782048]],[[-0.92799,-0.0997265,-0.359011],[0.314299,0.307997,-0.897972],[-0.200126,0.946146,0.254474]]],"btipPosition":[-29.2764,224.349,-138.126],"carpPosition":[-87.7366,214.128,-16.6066],"dipPosition":[-32.9037,241.498,-133.514],"direction":[0.357416,-0.510544,-0.782048],"extended":false,"handId":620,"id":6202,"length":64.6287,"mcpPosition":[-56.8785,239.189,-70.9014],"pipPosition":[-42.7066,255.501,-112.065],"stabilizedTipPosition":[-31.8238,227.349,-138.138],"timeVisible":1.73408,"tipPosition":[-29.752,227.486,-137.552],"tipVelocity":[160.95,100.278,104.53],"tool":false,"touchDistance":-0.130978,"touchZone":"touching","type":2,"width":18.3231},{"bases":[[[-0.900874,-0.160051,-0.403497],[-0.292963,0.910093,0.293092],[-0.32031,-0.382248,0.866768]],[[-0.904983,-0.165033,-0.392134],[-0.282472,0.922307,0.26374],[-0.318143,-0.349447,0.88129]],[[-0.904983,-0.165033,-0.392134],[0.0714819,0.849615,-0.522536],[-0.419399,0.500917,0.757091]],[[-0.904983,-0.165033,-0.392134],[0.327149,0.319307,-0.889391],[-0.27199,0.933171,0.234977]]],"btipPosition":[-48.5524,222.758,-137.759],"carpPosition":[-97.7222,214.805,-22.9498],"dipPosition":[-53.4539,239.575,-133.525],"direction":[0.419399,-0.500917,-0.757091],"extended":false,"handId":620,"id":6203,"length":62.1422,"mcpPosition":[-78.3699,237.899,-75.3175],"pipPosition":[-64.6598,252.959,-113.296],"stabilizedTipPosition":[-50.0534,226.188,-136.996],"timeVisible":1.73408,"tipPosition":[-49.1754,226.475,-137.316],"tipVelocity":[139.388,189.596,83.3297],"tool":false,"touchDistance":-0.19247,"touchZone":"touching","type":3,"width":17.4356},{"bases":[[[-0.871019,-0.351375,-0.34331],[-0.456655,0.83675,0.302183],[-0.181085,-0.419981,0.889283]],[[-0.887134,-0.453787,-0.0840827],[-0.461239,0.865513,0.195311],[0.015855,-0.212049,0.97713]],[[-0.887134,-0.453787,-0.0840827],[-0.315678,0.729555,-0.60671],[-0.33666,0.51169,0.790464]],[[-0.887134,-0.453787,-0.0840827],[-0.0441054,0.264718,-0.963317],[-0.459399,0.850883,0.254855]]],"btipPosition":[-84.2657,215.421,-131.962],"carpPosition":[-107.841,208.5,-29.7529],"dipPosition":[-91.9033,229.567,-127.725],"direction":[0.33666,-0.51169,-0.790464],"extended":false,"handId":620,"id":6204,"length":48.7183,"mcpPosition":[-97.7135,231.988,-79.4883],"pipPosition":[-98.2543,239.22,-112.813],"stabilizedTipPosition":[-86.037,218.621,-130.991],"timeVisible":1.73408,"tipPosition":[-85.6348,217.723,-131.214],"tipVelocity":[69.815,375.702,11.4552],"tool":false,"touchDistance":-0.286057,"touchZone":"touching","type":4,"width":15.4876}],"r":[[-0.078833,-0.957187,-0.278527],[0.917549,0.0395602,-0.395651],[0.389731,-0.286753,0.875147]],"s":1.55714,"t":[113.027,-104.944,-159.845],"timestamp":226387282921},{"currentFrameRate":79.452,"devices":[],"gestures":[],"hands":[{"armBasis":[[-0.853718,0.201201,-0.480296],[0.137702,0.976735,0.164401],[-0.502199,-0.0742144,0.861561]],"armWidth":61.4588,"confidence":0.448348,"direction":[0.466977,0.509014,-0.723075],"elbow":[-229.015,182.274,205.688],"grabStrength":0.760599,"id":620,"palmNormal":[0.0769279,-0.837994,-0.54023],"palmPosition":[-67.1138,223.175,-55.4249],"palmVelocity":[112.589,11.6614,50.552],"palmWidth":87.7611,"pinchStrength":0,"r":[[-0.136708,-0.939048,-0.315437],[0.921327,-0.00353492,-0.388772],[0.36396,-0.343769,0.865653]],"s":1.55194,"sphereCenter":[-79.1943,201.609,-115.32],"sphereRadius":66.6531,"stabilizedPalmPosition":[-68.9767,220.55,-52.6234],"t":[114.57,-104.913,-159.226],"timeVisible":1.74686,"type":"left","wrist":[-98.233,201.601,-18.6785]}],"id":912627,"interactionBox":{"center":[0,200,0],"size":[235.247,235.247,147.751]},"pointables":[{"bases":[[[-0.332163,0.927981,0.168877],[0.492309,0.0178491,0.870238],[-0.80455,-0.3722,0.462782]],[[0.0805036,0.994571,-0.0659416],[0.570604,0.00825925,0.821183],[-0.81727,0.103735,0.566842]],[[0.0805036,0.994571,-0.0659416],[0.765148,-0.0192641,0.643566],[-0.638801,0.102264,0.762545]],[[0.0805036,0.994571,-0.0659416],[0.837128,-0.0315526,0.546097],[-0.541051,0.0991643,0.835123]]],"btipPosition":[-2.1818,175.189,-81.3021],"carpPosition":[-74.7509,185.785,-10.0827],"dipPosition":[-14.395,177.427,-62.4508],"direction":[0.638801,-0.102264,-0.762545],"extended":true,"handId":620,"id":6200,"length":50.267,"mcpPosition":[-74.7509,185.785,-10.0827],"pipPosition":[-35.4024,180.79,-37.374],"stabilizedTipPosition":[-4.86912,175.965,-76.8847],"timeVisible":1.74686,"tipPosition":[-3.67248,175.524,-75.4816],"tipVelocity":[-172.011,-351.764,-97.8731],"tool":false,"touchDistance":0.29268,"touchZone":"hovering","type":0,"width":19.5314},{"bases":[[[-0.790005,0.279323,-0.545776],[0.0141521,0.89826,0.439237],[-0.612937,-0.339275,0.713583]],[[-0.849469,0.242522,-0.468599],[0.0191838,0.901716,0.431904],[-0.527289,-0.357899,0.770632]],[[-0.849469,0.242522,-0.468599],[0.43051,0.832046,-0.349799],[-0.305062,0.498881,0.811206]],[[-0.849469,0.242522,-0.468599],[0.524078,0.284817,-0.802634],[0.0611913,0.927395,0.369044]]],"btipPosition":[-6.78838,220.364,-118.267],"carpPosition":[-78.2349,208.372,-10.7057],"dipPosition":[-5.77999,235.647,-112.185],"direction":[0.305062,-0.498881,-0.811206],"extended":false,"handId":620,"id":6201,"length":56.7207,"mcpPosition":[-34.7415,232.446,-61.3408],"pipPosition":[-12.8918,247.277,-93.2741],"stabilizedTipPosition":[-14.2662,227.374,-122.682],"timeVisible":1.74686,"tipPosition":[-5.91508,222.867,-117.259],"tipVelocity":[159.78,-104.688,102.997],"tool":false,"touchDistance":0.0507692,"touchZone":"hovering","type":1,"width":18.6564},{"bases":[[[-0.856311,0.0736664,-0.511179],[-0.133072,0.924884,0.356203],[-0.499022,-0.373044,0.782186]],[[-0.929771,0.00797389,-0.368051],[-0.129724,0.928542,0.347825],[-0.344525,-0.371142,0.862297]],[[-0.929771,0.00797389,-0.368051],[0.189704,0.867181,-0.460444],[-0.315496,0.497928,0.807793]],[[-0.929771,0.00797389,-0.368051],[0.350575,0.324292,-0.878597],[-0.11235,0.945923,0.304313]]],"btipPosition":[-26.8581,224.877,-137.197],"carpPosition":[-87.1449,213.321,-16.8021],"dipPosition":[-28.8944,242.022,-131.681],"direction":[0.315496,-0.497928,-0.807793],"extended":false,"handId":620,"id":6202,"length":64.6287,"mcpPosition":[-53.5646,238.424,-69.4371],"pipPosition":[-37.5476,255.678,-109.525],"stabilizedTipPosition":[-28.9279,228.296,-136.715],"timeVisible":1.74686,"tipPosition":[-27.0386,228.055,-136.463],"tipVelocity":[181.803,78.664,98.8615],"tool":false,"touchDistance":-0.124294,"touchZone":"touching","type":2,"width":18.3231},{"bases":[[[-0.907929,-0.0519658,-0.41589],[-0.209751,0.915421,0.343524],[-0.362863,-0.399129,0.842037]],[[-0.912863,-0.0574833,-0.4042],[-0.201689,0.924289,0.324055],[-0.35497,-0.37734,0.855343]],[[-0.912863,-0.0574833,-0.4042],[0.152664,0.870156,-0.468532],[-0.37865,0.489413,0.785557]],[[-0.912863,-0.0574833,-0.4042],[0.363508,0.336264,-0.868785],[-0.185859,0.940012,0.286068]]],"btipPosition":[-46.2756,225.647,-137.017],"carpPosition":[-96.9623,215.288,-23.139],"dipPosition":[-49.6249,242.587,-131.862],"direction":[0.37865,-0.489413,-0.785557],"extended":false,"handId":620,"id":6203,"length":62.1422,"mcpPosition":[-75.0392,239.402,-74.0125],"pipPosition":[-59.7421,255.663,-110.873],"stabilizedTipPosition":[-47.4375,229.106,-135.983],"timeVisible":1.74686,"tipPosition":[-46.5655,229.192,-136.331],"tipVelocity":[163.823,203.777,80.1504],"tool":false,"touchDistance":-0.192469,"touchZone":"touching","type":3,"width":17.4356},{"bases":[[[-0.896603,-0.248346,-0.366643],[-0.379642,0.857312,0.34769],[-0.22798,-0.450933,0.862951]],[[-0.924678,-0.363427,-0.11354],[-0.380552,0.891761,0.244831],[-0.0122721,-0.269597,0.962895]],[[-0.924678,-0.363427,-0.11354],[-0.240064,0.787946,-0.56702],[-0.295533,0.497054,0.815842]],[[-0.924678,-0.363427,-0.11354],[-0.00789706,0.316442,-0.948579],[-0.380668,0.876234,0.295477]]],"btipPosition":[-82.4857,220.822,-131.741],"carpPosition":[-107.558,210.352,-30.336],"dipPosition":[-88.8144,235.39,-126.828],"direction":[0.295533,-0.497054,-0.815842],"extended":false,"handId":620,"id":6204,"length":48.7183,"mcpPosition":[-94.8081,235.572,-78.5988],"pipPosition":[-94.3895,244.766,-111.438],"stabilizedTipPosition":[-83.9551,224.136,-130.613],"timeVisible":1.74686,"tipPosition":[-83.6461,223.251,-130.918],"tipVelocity":[103.878,395.699,18.0425],"tool":false,"touchDistance":-0.280881,"touchZone":"touching","type":4,"width":15.4876}],"r":[[-0.136708,-0.939048,-0.315437],[0.921327,-0.00353492,-0.388772],[0.36396,-0.343769,0.865653]],"s":1.55194,"t":[114.57,-104.913,-159.226],"timestamp":226387295697},{"currentFrameRate":79.7862,"devices":[],"gestures":[{"direction":[-0.371157,-0.914497,-0.161049],"duration":0,"handIds":[620],"id":2,"pointableIds":[6200],"position":[-9.68381,163.544,-78.1014],"speed":181.494,"startPosition":[7.10771,204.916,-70.8154],"state":"start","type":"swipe"}],"hands":[{"armBasis":[[-0.816867,0.361224,-0.449717],[0.275687,0.929318,0.245694],[-0.506681,-0.0767179,0.858714]],"armWidth":61.4588,"confidence":0.145167,"direction":[0.553727,0.466632,-0.689667],"elbow":[-230.48,180.759,204.483],"grabStrength":0.771255,"id":620,"palmNormal":[-0.049354,-0.808385,-0.586582],"palmPosition":[-63.7846,219.035,-54.385],"palmVelocity":[171.173,-113.001,63.5978],"palmWidth":87.7611,"pinchStrength":0,"r":[[-0.21068,-0.910634,-0.355472],[0.92146,-0.063587,-0.383234],[0.326382,-0.408293,0.852509]],"s":1.54877,"sphereCenter":[-78.1722,203.342,-115.44],"sphereRadius":66.5937,"stabilizedPalmPosition":[-68.1948,220.322,-52.8886],"t":[117.006,-106.967,-158.397],"timeVisible":1.75858,"type":"left","wrist":[-98.5306,200.738,-19.1421]}],"id":912628,"interactionBox":{"center":[0,200,0],"size":[235.247,235.247,147.751]},"pointables":[{"bases":[[[-0.182293,0.958494,0.219223],[0.474944,-0.109385,0.873192],[-0.860928,-0.263295,0.435291]],[[0.238751,0.971046,-0.0082178],[0.549159,-0.128033,0.825852],[-0.800888,0.201686,0.563827]],[[0.238751,0.971046,-0.0082178],[0.741789,-0.176909,0.646879],[-0.626695,0.160539,0.762549]],[[0.238751,0.971046,-0.0082178],[0.815508,-0.1959,0.544583],[-0.527205,0.136721,0.838667]]],"btipPosition":[-6.94666,162.834,-82.4557],"carpPosition":[-78.0164,180.91,-11.3013],"dipPosition":[-18.8473,165.92,-63.5243],"direction":[0.626695,-0.160539,-0.762549],"extended":true,"handId":620,"id":6200,"length":50.267,"mcpPosition":[-78.0164,180.91,-11.3013],"pipPosition":[-39.4566,171.2,-38.4474],"stabilizedTipPosition":[-9.41421,164.239,-78.0333],"timeVisible":1.75858,"tipPosition":[-8.50369,163.072,-76.7127],"tipVelocity":[-250.049,-586.056,-97.5245],"tool":false,"touchDistance":0.305314,"touchZone":"hovering","type":0,"width":19.5314},{"bases":[[[-0.726462,0.432098,-0.534363],[0.150485,0.858741,0.489814],[-0.670528,-0.275418,0.688867]],[[-0.792219,0.401133,-0.459872],[0.155581,0.86146,0.483407],[-0.590071,-0.311416,0.744873]],[[-0.792219,0.401133,-0.459872],[0.563548,0.770009,-0.299165],[-0.2341,0.496164,0.836073]],[[-0.792219,0.401133,-0.459872],[0.575254,0.239411,-0.782154],[0.203649,0.88418,0.420419]]],"btipPosition":[-3.70427,210.073,-116.826],"carpPosition":[-77.837,203.763,-10.6595],"dipPosition":[-0.348271,224.644,-109.898],"direction":[0.2341,-0.496164,-0.836073],"extended":false,"handId":620,"id":6201,"length":56.7207,"mcpPosition":[-30.2571,223.306,-59.5408],"pipPosition":[-5.80578,236.211,-90.4067],"stabilizedTipPosition":[-10.7892,223.095,-120.396],"timeVisible":1.75858,"tipPosition":[-2.46538,212.371,-115.678],"tipVelocity":[210.837,-373.682,115.493],"tool":false,"touchDistance":0.157998,"touchZone":"hovering","type":1,"width":18.6564},{"bases":[[[-0.825312,0.238148,-0.512002],[0.010744,0.913174,0.407427],[-0.564575,-0.330754,0.756213]],[[-0.91062,0.177265,-0.373293],[0.0145153,0.916487,0.399801],[-0.412989,-0.358648,0.837145]],[[-0.91062,0.177265,-0.373293],[0.333342,0.848985,-0.410009],[-0.24424,0.497797,0.832193]],[[-0.91062,0.177265,-0.373293],[0.411624,0.309192,-0.857301],[0.0365497,0.934333,0.354523]]],"btipPosition":[-22.5161,218.749,-135.581],"carpPosition":[-85.7438,210.406,-16.5247],"dipPosition":[-21.8537,235.684,-129.156],"direction":[0.24424,-0.497797,-0.832193],"extended":false,"handId":620,"id":6202,"length":64.6287,"mcpPosition":[-47.7523,232.663,-67.4119],"pipPosition":[-28.5525,249.337,-106.331],"stabilizedTipPosition":[-24.7786,224.723,-135.064],"timeVisible":1.75858,"tipPosition":[-22.1874,221.908,-134.679],"tipVelocity":[264.357,-128.259,118.272],"tool":false,"touchDistance":-0.125897,"touchZone":"touching","type":2,"width":18.3231},{"bases":[[[-0.897844,0.117358,-0.424385],[-0.0662512,0.916846,0.393705],[-0.4353,-0.381602,0.81541]],[[-0.904055,0.111819,-0.412531],[-0.0603473,0.92211,0.382193],[-0.423135,-0.370419,0.82689]],[[-0.904055,0.111819,-0.412531],[0.295233,0.86129,-0.413541],[-0.309067,0.495657,0.811666]],[[-0.904055,0.111819,-0.412531],[0.425767,0.320338,-0.846231],[-0.0375246,0.940681,0.337211]]],"btipPosition":[-41.5506,223.092,-135.469],"carpPosition":[-95.019,214.269,-22.8063],"dipPosition":[-42.2268,240.044,-129.392],"direction":[0.309067,-0.495657,-0.811666],"extended":false,"handId":620,"id":6203,"length":62.1422,"mcpPosition":[-68.7194,237.324,-72.071],"pipPosition":[-50.4848,253.287,-107.705],"stabilizedTipPosition":[-42.6399,227.335,-134.383],"timeVisible":1.75858,"tipPosition":[-41.3177,226.466,-134.56],"tipVelocity":[263.515,59.7444,104.081],"tool":false,"touchDistance":-0.181084,"touchZone":"touching","type":3,"width":17.4356},{"bases":[[[-0.91882,-0.0807107,-0.386336],[-0.243288,0.886599,0.393387],[-0.310775,-0.455443,0.834261]],[[-0.96902,-0.204367,-0.13869],[-0.237718,0.924101,0.299212],[-0.0670145,-0.322911,0.944054]],[[-0.96902,-0.204367,-0.13869],[-0.103693,0.846283,-0.522545],[-0.224162,0.491975,0.841256]],[[-0.96902,-0.204367,-0.13869],[0.0574408,0.35966,-0.931314],[-0.240211,0.910428,0.336778]]],"btipPosition":[-78.2631,223.569,-130.669],"carpPosition":[-106.152,211.501,-30.3454],"dipPosition":[-82.2567,238.705,-125.07],"direction":[0.224162,-0.491975,-0.841256],"extended":false,"handId":620,"id":6204,"length":48.7183,"mcpPosition":[-88.7709,236.973,-77.0035],"pipPosition":[-86.4854,247.986,-109.2],"stabilizedTipPosition":[-79.23,227.021,-129.394],"timeVisible":1.75858,"tipPosition":[-78.991,226.109,-129.755],"tipVelocity":[207.139,344.389,47.7242],"tool":false,"touchDistance":-0.267248,"touchZone":"touching","type":4,"width":15.4876}],"r":[[-0.21068,-0.910634,-0.355472],[0.92146,-0.063587,-0.383234],[0.326382,-0.408293,0.852509]],"s":1.54877,"t":[117.006,-106.967,-158.397],"timestamp":226387307417},{"currentFrameRate":74.9729,"devices":[],"gestures":[{"direction":[-0.371157,-0.914497,-0.161049],"duration":0,"handIds":[620],"id":2,"pointableIds":[6200],"position":[-9.68381,163.544,-78.1014],"speed":181.494,"startPosition":[7.10771,204.916,-70.8154],"state":"start","type":"swipe"}],"hands":[{"armBasis":[[-0.679564,0.661983,-0.316182],[0.507434,0.73541,0.449091],[-0.529814,-0.144745,0.835671]],"armWidth":61.4588,"confidence":0.223133,"direction":[0.680239,0.484276,-0.550229],"elbow":[-239.623,168.783,201.984],"grabStrength":0.78423,"id":620,"palmNormal":[-0.222765,-0.578571,-0.784622],"palmPosition":[-62.0136,224.464,-45.4677],"palmVelocity":[110.772,81.6833,234.949],"palmWidth":87.7611,"pinchStrength":0,"r":[[-0.311417,-0.844793,-0.435138],[0.911425,-0.13594,-0.388362],[0.268933,-0.517538,0.812299]],"s":1.54857,"sphereCenter":[-76.4224,229.624,-107.834],"sphereRadius":66.3106,"stabilizedPalmPosition":[-67.0961,221.058,-51.5696],"t":[119.109,-105.28,-153.523],"timeVisible":1.78396,"type":"left","wrist":[-101.649,206.477,-15.6409]}],"id":912629,"interactionBox":{"center":[0,200,0],"size":[235.247,235.247,147.751]},"pointables":[{"bases":[[[0.0509816,0.876082,0.47946],[0.396154,-0.458439,0.795547],[-0.916768,-0.149382,0.370435]],[[0.469271,0.845818,0.253727],[0.452077,-0.476932,0.753765],[-0.758559,0.239016,0.606185]],[[0.469271,0.845818,0.253727],[0.637929,-0.523389,0.564899],[-0.6106,0.103231,0.785182]],[[0.469271,0.845818,0.253727],[0.715822,-0.532612,0.451579],[-0.517092,0.0302897,0.855394]]],"btipPosition":[-18.7393,165.219,-88.4584],"carpPosition":[-87.0134,180.806,-14.1427],"dipPosition":[-30.4117,165.903,-69.1495],"direction":[0.6106,-0.103231,-0.785182],"extended":true,"handId":620,"id":6200,"length":50.267,"mcpPosition":[-87.0134,180.806,-14.1427],"pipPosition":[-50.4916,169.298,-43.3282],"stabilizedTipPosition":[-21.3268,165.368,-83.9689],"timeVisible":1.78396,"tipPosition":[-20.969,164.686,-83.4181],"tipVelocity":[-376.581,-193.976,-178.245],"tool":false,"touchDistance":0.24271,"touchZone":"hovering","type":0,"width":19.5314},{"bases":[[[-0.574193,0.728296,-0.374015],[0.337168,0.626641,0.702594],[-0.74607,-0.277319,0.605371]],[[-0.648646,0.695518,-0.309052],[0.344703,0.630495,0.695454],[-0.678556,-0.344572,0.648715]],[[-0.648646,0.695518,-0.309052],[0.749422,0.654506,-0.0999447],[-0.132763,0.296439,0.945779]],[[-0.648646,0.695518,-0.309052],[0.643688,0.284654,-0.710378],[0.406108,0.659717,0.632337]]],"btipPosition":[-3.76299,217.995,-109.553],"carpPosition":[-81.2239,201.821,-7.2463],"dipPosition":[2.92939,228.867,-99.1328],"direction":[0.132763,-0.296439,-0.945779],"extended":false,"handId":620,"id":6201,"length":56.7207,"mcpPosition":[-28.2836,221.499,-50.2028],"pipPosition":[-0.165671,235.777,-77.0841],"stabilizedTipPosition":[-8.41235,222.373,-116.722],"timeVisible":1.78396,"tipPosition":[-1.92545,219.713,-107.832],"tipVelocity":[101.884,14.8024,236.196],"tool":false,"touchDistance":0.292598,"touchZone":"hovering","type":1,"width":18.6564},{"bases":[[[-0.71872,0.566564,-0.403047],[0.218778,0.734506,0.642368],[-0.659983,-0.373505,0.651856]],[[-0.822214,0.493268,-0.28399],[0.22317,0.738383,0.636385],[-0.523602,-0.459867,0.717192]],[[-0.822214,0.493268,-0.28399],[0.549716,0.81755,-0.171532],[-0.147565,0.29715,0.943359]],[[-0.822214,0.493268,-0.28399],[0.50985,0.416489,-0.752722],[0.253015,0.763691,0.593936]]],"btipPosition":[-18.777,236.085,-124.677],"carpPosition":[-86.9924,211.564,-10.8308],"dipPosition":[-14.1911,249.927,-113.912],"direction":[0.147565,-0.29715,-0.943359],"extended":false,"handId":620,"id":6202,"length":64.6287,"mcpPosition":[-42.5806,236.698,-54.6957],"pipPosition":[-18.2384,258.077,-88.0379],"stabilizedTipPosition":[-19.1221,236.383,-124.753],"timeVisible":1.78396,"tipPosition":[-17.6918,238.737,-122.949],"tipVelocity":[215.806,338.216,327.105],"tool":false,"touchDistance":0.122479,"touchZone":"hovering","type":2,"width":18.3231},{"bases":[[[-0.822442,0.448431,-0.349998],[0.145719,0.760827,0.632383],[-0.549868,-0.469097,0.691081]],[[-0.830677,0.441274,-0.33949],[0.148335,0.763136,0.628983],[-0.536631,-0.472124,0.699376]],[[-0.830677,0.441274,-0.33949],[0.514393,0.841583,-0.164735],[-0.213016,0.311472,0.926072]],[[-0.830677,0.441274,-0.33949],[0.526105,0.422609,-0.73798],[0.18218,0.791631,0.583208]]],"btipPosition":[-35.999,245.276,-122.687],"carpPosition":[-94.7546,219.177,-15.5411],"dipPosition":[-32.7159,259.542,-112.177],"direction":[0.213016,-0.311472,-0.926072],"extended":false,"handId":620,"id":6203,"length":62.1422,"mcpPosition":[-61.5331,247.519,-57.2943],"pipPosition":[-38.4075,267.865,-87.4333],"stabilizedTipPosition":[-35.6514,247.388,-121.047],"timeVisible":1.78396,"tipPosition":[-35.0442,248.008,-120.894],"tipVelocity":[258.187,530.206,365.924],"tool":false,"touchDistance":0.098942,"touchZone":"hovering","type":3,"width":17.4356},{"bases":[[[-0.893251,0.259208,-0.367305],[-0.0331304,0.77686,0.628801],[-0.448335,-0.573847,0.685343]],[[-0.983192,0.0876871,-0.160137],[-0.0162993,0.831452,0.555357],[-0.181844,-0.548633,0.816048]],[[-0.983192,0.0876871,-0.160137],[0.128548,0.955327,-0.266132],[-0.129646,0.282244,0.950542]],[[-0.983192,0.0876871,-0.160137],[0.181393,0.568694,-0.802299],[-0.0207176,0.817862,0.575042]]],"btipPosition":[-71.8334,253.319,-116.883],"carpPosition":[-105.899,221.436,-23.2304],"dipPosition":[-72.1778,266.916,-107.323],"direction":[0.129646,-0.282244,-0.950542],"extended":false,"handId":620,"id":6204,"length":48.7183,"mcpPosition":[-80.8252,253.53,-61.56],"pipPosition":[-74.6235,272.241,-89.3909],"stabilizedTipPosition":[-71.9326,256.366,-114.724],"timeVisible":1.78396,"tipPosition":[-71.8983,255.629,-115.321],"tipVelocity":[254.32,829.016,364.154],"tool":false,"touchDistance":-0.201622,"touchZone":"touching","type":4,"width":15.4876}],"r":[[-0.311417,-0.844793,-0.435138],[0.911425,-0.13594,-0.388362],[0.268933,-0.517538,0.812299]],"s":1.54857,"t":[119.109,-105.28,-153.523],"timestamp":226387332802},{"currentFrameRate":75.6144,"devices":[],"gestures":[{"direction":[-0.371157,-0.914497,-0.161049],"duration":0,"handIds":[620],"id":2,"pointableIds":[6200],"position":[-9.68381,163.544,-78.1014],"speed":181.494,"startPosition":[7.10771,204.916,-70.8154],"state":"start","type":"swipe"}],"hands":[{"armBasis":[[-0.636256,0.722615,-0.270195],[0.564895,0.674904,0.474761],[-0.525425,-0.149438,0.837614]],"armWidth":61.4588,"confidence":0.266613,"direction":[0.72046,0.47545,-0.504861],"elbow":[-239.846,168.765,202.574],"grabStrength":0.788912,"id":620,"palmNormal":[-0.244266,-0.507365,-0.826387],"palmPosition":[-61.737,225.047,-43.4615],"palmVelocity":[81.3816,71.0856,214.093],"palmWidth":87.7611,"pinchStrength":0,"r":[[-0.393933,-0.767066,-0.506386],[0.896272,-0.198448,-0.39663],[0.20375,-0.610105,0.765675]],"s":1.54895,"sphereCenter":[-74.3706,235.199,-105.504],"sphereRadius":66.2432,"stabilizedPalmPosition":[-66.7582,221.309,-51.0583],"t":[120.299,-104.144,-150.083],"timeVisible":1.79554,"type":"left","wrist":[-103.016,207.682,-15.5568]}],"id":912630,"interactionBox":{"center":[0,200,0],"size":[235.247,235.247,147.751]},"pointables":[{"bases":[[[0.0978855,0.835779,0.54027],[0.350424,-0.537055,0.767317],[-0.931462,-0.114214,0.345447]],[[0.516768,0.794142,0.319829],[0.401211,-0.554657,0.728962],[-0.756294,0.248385,0.605247]],[[0.516768,0.794142,0.319829],[0.588576,-0.60084,0.540897],[-0.621715,0.0912745,0.777907]],[[0.516768,0.794142,0.319829],[0.670396,-0.607707,0.425749],[-0.532467,0.00560126,0.846432]]],"btipPosition":[-21.2136,165.979,-89.4701],"carpPosition":[-90.0912,181.066,-15.6411],"dipPosition":[-33.233,166.105,-70.3635],"direction":[0.621715,-0.0912745,-0.777907],"extended":true,"handId":620,"id":6200,"length":50.267,"mcpPosition":[-90.0912,181.066,-15.6411],"pipPosition":[-53.6785,169.107,-44.7814],"stabilizedTipPosition":[-23.6229,165.922,-84.9273],"timeVisible":1.79554,"tipPosition":[-23.7331,165.406,-84.7013],"tipVelocity":[-323.82,-109.914,-148.869],"tool":false,"touchDistance":0.247577,"touchZone":"hovering","type":0,"width":19.5314},{"bases":[[[-0.518873,0.788325,-0.330627],[0.363085,0.553379,0.749627],[-0.773912,-0.268916,0.573363]],[[-0.596529,0.756091,-0.269219],[0.37464,0.55897,0.739728],[-0.709787,-0.34041,0.616704]],[[-0.596529,0.756091,-0.269219],[0.793005,0.606945,-0.0525409],[-0.123675,0.244834,0.961645]],[[-0.596529,0.756091,-0.269219],[0.668644,0.282644,-0.68777],[0.443924,0.590286,0.674161]]],"btipPosition":[-3.20224,218.885,-106.975],"carpPosition":[-83.0979,201.132,-7.20654],"dipPosition":[4.11331,228.612,-95.8651],"direction":[0.123675,-0.244834,-0.961645],"extended":false,"handId":620,"id":6201,"length":56.7207,"mcpPosition":[-28.1819,220.214,-47.8917],"pipPosition":[1.23011,234.32,-73.4466],"stabilizedTipPosition":[-7.75695,222.254,-115.553],"timeVisible":1.79554,"tipPosition":[-1.14141,220.547,-105.063],"tipVelocity":[87.9915,28.1053,236.268],"tool":false,"touchDistance":0.337725,"touchZone":"hovering","type":1,"width":18.6564},{"bases":[[[-0.672905,0.63878,-0.37304],[0.253057,0.672649,0.695345],[-0.695098,-0.373501,0.614277]],[[-0.78317,0.564399,-0.260958],[0.25753,0.676404,0.690041],[-0.565971,-0.473214,0.675089]],[[-0.78317,0.564399,-0.260958],[0.604341,0.789668,-0.105818],[-0.146347,0.240581,0.959533]],[[-0.78317,0.564399,-0.260958],[0.549847,0.432619,-0.714499],[0.290367,0.703061,0.649147]]],"btipPosition":[-16.3205,239.247,-120.99],"carpPosition":[-88.1581,211.455,-10.1859],"dipPosition":[-11.0575,251.99,-109.224],"direction":[0.146347,-0.240581,-0.959533],"extended":false,"handId":620,"id":6202,"length":64.6287,"mcpPosition":[-41.3834,236.589,-51.522],"pipPosition":[-15.0714,258.589,-82.9068],"stabilizedTipPosition":[-17.2066,239.15,-121.664],"timeVisible":1.79554,"tipPosition":[-15.0998,241.703,-119.061],"tipVelocity":[219.134,308.818,330.904],"tool":false,"touchDistance":0.200003,"touchZone":"hovering","type":2,"width":18.3231},{"bases":[[[-0.785009,0.524317,-0.329928],[0.182047,0.704319,0.686144],[-0.592131,-0.478566,0.648348]],[[-0.794017,0.5169,-0.319924],[0.183116,0.705214,0.684939],[-0.57966,-0.48527,0.654605]],[[-0.794017,0.5169,-0.319924],[0.570017,0.815961,-0.096378],[-0.211227,0.258888,0.942529]],[[-0.794017,0.5169,-0.319924],[0.566105,0.436986,-0.698977],[0.221499,0.73611,0.639594]]],"btipPosition":[-32.9155,249.51,-118.557],"carpPosition":[-95.3225,219.867,-14.4666],"dipPosition":[-28.9239,262.775,-107.031],"direction":[0.211227,-0.258888,-0.942529],"extended":false,"handId":620,"id":6203,"length":62.1422,"mcpPosition":[-59.5476,248.78,-53.638],"pipPosition":[-34.5677,269.693,-81.8476],"stabilizedTipPosition":[-33.1474,250.933,-117.524],"timeVisible":1.79554,"tipPosition":[-31.8448,252.019,-116.562],"tipVelocity":[265.708,467.826,369.643],"tool":false,"touchDistance":0.218701,"touchZone":"hovering","type":3,"width":17.4356},{"bases":[[[-0.867482,0.341775,-0.361476],[0.00470034,0.73223,0.681041],[-0.497446,-0.589092,0.636803]],[[-0.972441,0.162103,-0.167575],[0.0256367,0.788731,0.614204],[-0.231736,-0.592981,0.77115]],[[-0.972441,0.162103,-0.167575],[0.194087,0.961084,-0.196592],[-0.129186,0.223699,0.966059]],[[-0.972441,0.162103,-0.167575],[0.232173,0.607586,-0.759562],[0.0213108,0.777536,0.628477]]],"btipPosition":[-68.3416,259.397,-112.731],"carpPosition":[-106.148,223.374,-22.1435],"dipPosition":[-67.9873,272.324,-102.282],"direction":[0.129186,-0.223699,-0.966059],"extended":false,"handId":620,"id":6204,"length":48.7183,"mcpPosition":[-78.3275,256.32,-57.7583],"pipPosition":[-70.4243,276.544,-84.0579],"stabilizedTipPosition":[-68.6328,261.761,-110.774],"timeVisible":1.79554,"tipPosition":[-68.2702,261.602,-111.021],"tipVelocity":[275.015,721.659,368.255],"tool":false,"touchDistance":-0.218341,"touchZone":"touching","type":4,"width":15.4876}],"r":[[-0.393933,-0.767066,-0.506386],[0.896272,-0.198448,-0.39663],[0.20375,-0.610105,0.765675]],"s":1.54895,"t":[120.299,-104.144,-150.083],"timestamp":226387344379},{"currentFrameRate":75.966,"devices":[],"gestures":[{"direction":[-0.371157,-0.914497,-0.161049],"duration":0,"handIds":[620],"id":2,"pointableIds":[6200],"position":[-9.68381,163.544,-78.1014],"speed":181.494,"startPosition":[7.10771,204.916,-70.8154],"state":"start","type":"swipe"}],"hands":[{"armBasis":[[-0.605879,0.759192,-0.237778],[0.599275,0.632109,0.491231],[-0.52324,-0.155132,0.837946]],"armWidth":61.4588,"confidence":0.304518,"direction":[0.745325,0.46637,-0.476434],"elbow":[-239.953,167.565,202.946],"grabStrength":0.794835,"id":620,"palmNormal":[-0.256571,-0.458937,-0.850617],"palmPosition":[-61.4172,224.782,-41.9943],"palmVelocity":[61.7822,38.262,180.613],"palmWidth":87.7611,"pinchStrength":0.00942676,"r":[[-0.45805,-0.685755,-0.565624],[0.878147,-0.250283,-0.407696],[0.138014,-0.683446,0.716836]],"s":1.54951,"sphereCenter":[-72.8393,238.092,-103.638],"sphereRadius":66.2077,"stabilizedPalmPosition":[-66.517,221.466,-50.6489],"t":[121.054,-103.709,-147.63],"timeVisible":1.8078,"type":"left","wrist":[-103.692,207.964,-15.2707]}],"id":912631,"interactionBox":{"center":[0,200,0],"size":[235.247,235.247,147.751]},"pointables":[{"bases":[[[0.127304,0.805792,0.578354],[0.319102,-0.58537,0.745329],[-0.939131,-0.0896704,0.33165]],[[0.545494,0.756554,0.360641],[0.365684,-0.602028,0.709815],[-0.754129,0.25532,0.605063]],[[0.545494,0.756554,0.360641],[0.554128,-0.648392,0.522044],[-0.628791,0.0849307,0.772922]],[[0.545494,0.756554,0.360641],[0.639394,-0.653856,0.404535],[-0.541859,-0.00991989,0.840411]]],"btipPosition":[-22.6862,165.989,-89.9639],"carpPosition":[-91.9043,180.851,-16.4437],"dipPosition":[-34.9176,165.765,-70.9932],"direction":[0.628791,-0.0849307,-0.772922],"extended":true,"handId":620,"id":6200,"length":50.267,"mcpPosition":[-91.9043,180.851,-16.4437],"pipPosition":[-55.5958,168.558,-45.5752],"stabilizedTipPosition":[-25.2428,165.936,-85.5086],"timeVisible":1.8078,"tipPosition":[-25.3942,165.438,-85.3912],"tipVelocity":[-253.025,-72.9914,-111.287],"tool":false,"touchDistance":0.251931,"touchZone":"hovering","type":0,"width":19.5314},{"bases":[[[-0.481478,0.823794,-0.299237],[0.378051,0.503223,0.777074],[-0.790732,-0.261017,0.553727]],[[-0.56116,0.792154,-0.239982],[0.395473,0.511302,0.763001],[-0.727118,-0.333259,0.600198]],[[-0.56116,0.792154,-0.239982],[0.820214,0.57112,-0.0327348],[-0.111127,0.215206,0.970225]],[[-0.56116,0.792154,-0.239982],[0.678344,0.274004,-0.681741],[0.474288,0.545356,0.691113]]],"btipPosition":[-3.14573,218.529,-105.219],"carpPosition":[-84.1601,200.202,-7.04872],"dipPosition":[4.67021,227.516,-93.8301],"direction":[0.111127,-0.215206,-0.970225],"extended":false,"handId":620,"id":6201,"length":56.7207,"mcpPosition":[-28.0507,218.724,-46.3406],"pipPosition":[2.07953,232.533,-71.2115],"stabilizedTipPosition":[-7.34163,222.147,-114.713],"timeVisible":1.8078,"tipPosition":[-0.826917,220.261,-103.143],"tipVelocity":[61.7692,2.95831,205.123],"tool":false,"touchDistance":0.364586,"touchZone":"hovering","type":1,"width":18.6564},{"bases":[[[-0.641228,0.683017,-0.349734],[0.273757,0.629398,0.727265],[-0.716857,-0.370601,0.590569]],[[-0.75569,0.608512,-0.242169],[0.278376,0.633138,0.722248],[-0.592823,-0.478382,0.647852]],[[-0.75569,0.608512,-0.242169],[0.638359,0.767017,-0.0646773],[-0.14639,0.203467,0.968076]],[[-0.75569,0.608512,-0.242169],[0.575325,0.440108,-0.689424],[0.312942,0.660317,0.682678]]],"btipPosition":[-14.6047,240.485,-118.388],"carpPosition":[-88.7468,210.855,-9.60308],"dipPosition":[-8.93255,252.453,-106.014],"direction":[0.14639,-0.203467,-0.968076],"extended":false,"handId":620,"id":6202,"length":64.6287,"mcpPosition":[-40.508,235.794,-49.3438],"pipPosition":[-12.9476,258.034,-79.4624],"stabilizedTipPosition":[-15.4719,240.965,-118.946],"timeVisible":1.8078,"tipPosition":[-13.3027,242.805,-116.332],"tipVelocity":[193.77,230.003,292.867],"tool":false,"touchDistance":0.245706,"touchZone":"hovering","type":2,"width":18.3231},{"bases":[[[-0.758531,0.571633,-0.312837],[0.204253,0.664454,0.718876],[-0.618799,-0.481391,0.620766]],[[-0.768113,0.564036,-0.303093],[0.203178,0.663584,0.719982],[-0.607224,-0.491446,0.624308]],[[-0.768113,0.564036,-0.303093],[0.604456,0.794901,-0.0525853],[-0.211269,0.223598,0.951509]],[[-0.768113,0.564036,-0.303093],[0.591301,0.443193,-0.673752],[0.245692,0.696738,0.673938]]],"btipPosition":[-30.7315,251.481,-115.54],"carpPosition":[-95.5026,219.749,-13.5625],"dipPosition":[-26.3039,264.037,-103.395],"direction":[0.211269,-0.223598,-0.951509],"extended":false,"handId":620,"id":6203,"length":62.1422,"mcpPosition":[-58.1165,248.833,-51.0675],"pipPosition":[-31.9488,270.011,-77.9715],"stabilizedTipPosition":[-30.9231,253.158,-114.43],"timeVisible":1.8078,"tipPosition":[-29.6044,253.827,-113.421],"tipVelocity":[237.545,354.28,329.937],"tool":false,"touchDistance":0.281918,"touchZone":"hovering","type":3,"width":17.4356},{"bases":[[[-0.848304,0.394377,-0.353338],[0.0283101,0.700117,0.713467],[-0.528753,-0.595233,0.605077]],[[-0.963135,0.210128,-0.16798],[0.0512231,0.756235,0.652291],[-0.264097,-0.61964,0.73912]],[[-0.963135,0.210128,-0.16798],[0.235786,0.959995,-0.151042],[-0.129521,0.185081,0.97415]],[[-0.963135,0.210128,-0.16798],[0.264667,0.628272,-0.731591],[0.0481911,0.74908,0.660725]]],"btipPosition":[-65.8662,262.533,-109.578],"carpPosition":[-106.087,224.056,-21.1687],"dipPosition":[-65.065,274.986,-98.5935],"direction":[0.129521,-0.185081,-0.97415],"extended":false,"handId":620,"id":6204,"length":48.7183,"mcpPosition":[-76.5153,257.345,-55.0091],"pipPosition":[-67.5084,278.478,-80.2164],"stabilizedTipPosition":[-66.0687,264.921,-107.54],"timeVisible":1.8078,"tipPosition":[-65.6975,264.67,-107.778],"tipVelocity":[252.043,553.387,332.405],"tool":false,"touchDistance":-0.212676,"touchZone":"touching","type":4,"width":15.4876}],"r":[[-0.45805,-0.685755,-0.565624],[0.878147,-0.250283,-0.407696],[0.138014,-0.683446,0.716836]],"s":1.54951,"t":[121.054,-103.709,-147.63],"timestamp":226387356645},{"currentFrameRate":76.2547,"devices":[],"gestures":[{"direction":[-0.371157,-0.914497,-0.161049],"duration":0,"handIds":[620],"id":2,"pointableIds":[6200],"position":[-9.68381,163.544,-78.1014],"speed":181.494,"startPosition":[7.10771,204.916,-70.8154],"state":"stop","type":"swipe"}],"hands":[{"armBasis":[[-0.579113,0.787389,-0.211299],[0.626009,0.595523,0.503453],[-0.522247,-0.159281,0.837787]],"armWidth":61.4588,"confidence":0.336905,"direction":[0.765749,0.455609,-0.453926],"elbow":[-240.168,166.589,203.197],"grabStrength":0.799775,"id":620,"palmNormal":[-0.265188,-0.419327,-0.86824],"palmPosition":[-61.0792,224.279,-40.7658],"palmVelocity":[49.4765,10.0788,151.562],"palmWidth":87.7611,"pinchStrength":0.0193032,"r":[[-0.506756,-0.605566,-0.613586],[0.858845,-0.292928,-0.420213],[0.07473,-0.73992,0.668531]],"s":1.54909,"sphereCenter":[-71.5572,239.812,-102.162],"sphereRadius":66.2,"stabilizedPalmPosition":[-66.3559,221.55,-50.3561],"t":[121.601,-103.743,-145.789],"timeVisible":1.82018,"type":"left","wrist":[-104.165,208.069,-14.9784]}],"id":912632,"interactionBox":{"center":[0,200,0],"size":[235.247,235.247,147.751]},"pointables":[{"bases":[[[0.15084,0.779936,0.60741],[0.291298,-0.622227,0.726622],[-0.944665,-0.0673332,0.32105]],[[0.568232,0.72359,0.39183],[0.335679,-0.638589,0.692476],[-0.751287,0.261958,0.60576]],[[0.568232,0.72359,0.39183],[0.524759,-0.685435,0.504784],[-0.63383,0.0812182,0.769196]],[[0.568232,0.72359,0.39183],[0.612782,-0.689907,0.38539],[-0.549191,-0.0211155,0.83543]]],"btipPosition":[-23.9316,165.8,-90.3364],"carpPosition":[-93.3441,180.607,-17.0176],"dipPosition":[-36.3285,165.323,-71.4782],"direction":[0.63383,-0.0812182,-0.769196],"extended":true,"handId":620,"id":6200,"length":50.267,"mcpPosition":[-93.3441,180.607,-17.0176],"pipPosition":[-57.1725,167.994,-46.1826],"stabilizedTipPosition":[-26.5575,165.726,-85.9273],"timeVisible":1.82018,"tipPosition":[-26.7465,165.236,-85.873],"tipVelocity":[-199.712,-54.0698,-83.048],"tool":false